0	0
250	250
350	500

0	0	0	0	0	0	0	0
250	450	600	750	750	750	750	750
250	450	600	750	1000	1250	1500	1500
250	450	600	750	1000	1250	1500	2000

0	0	0	0	0	0	0	0	0	0	0
250	450	600	750	1000	1000	1000	1000	1000	1000	1000
250	450	600	750	1000	1250	1500	2000	2000	2000	2000
250	450	600	750	1000	1250	1500	1750	2000	2250	2500

0	0	0	0	0	0	0	0	0	0	0	0
250	450	600	750	1000	1250	1500	1500	1500	1500	1500	1500
250	450	600	750	1000	1250	1500	1750	2000	2250	2500	2500
250	450	600	750	1000	1250	1500	1750	2000	2250	2500	3000

0	0	0	0	0	0	0	0	0	0	0	0	0
250	450	600	750	1000	1250	1500	2000	2000	2000	2000	2000	2000
250	450	600	750	1000	1250	1500	1750	2000	2250	2500	3000	3000
250	450	600	750	1000	1250	1500	1750	2000	2250	2500	3000	3500

0	0	0	0	0	0	0	0	0	0	0	0	0	0
250	450	600	750	1000	1250	1500	1750	2000	2250	2500	2500	2500	2500
250	450	600	750	1000	1250	1500	1750	2000	2250	2500	3250	3250	3250
250	450	600	750	1000	1250	1500	1750	2000	2250	2500	3000	3500	3500
250	450	600	750	1000	1250	1500	1750	2000	2250	2500	3000	3500	4000

